views,Funny,Beautiful,Ingenious,Courageous,Inspiring,Informative,Fascinating,Persuasive,Jaw-dropping,OK,Obnoxious,Unconvincing,Longwinded,Confusing
47227110,0.209323388,0.048726692,0.064709643,0.034661694,0.265572722,0.078273841,0.11274374,0.114054342,0.047298881,0.012509323,0.002226958,0.00319659,0.004123601,0.002578583
3200520,0.185286104,0.047343324,0.021117166,0.019754768,0.069141689,0.150885559,0.140667575,0.019073569,0.091280654,0.039509537,0.044618529,0.044959128,0.087874659,0.038487738
1636292,0.341359773,0.015934844,0.0648017,0.021246459,0.050283286,0.139872521,0.081444759,0.009560907,0.051699717,0.081444759,0.019121813,0.05878187,0.036827195,0.027620397
1697550,0.203862661,0.07805794,0.008583691,0.01582618,0.022800429,0.014216738,0.10193133,0.035407725,0.123390558,0.061695279,0.009388412,0.287017167,0.028165236,0.009656652
12005869,0.124980484,0.054254489,0.03676815,0.012412178,0.002380952,0.002615144,0.21206089,0.179781421,0.145823575,0.09921936,0.009679938,0.112919594,0.004293521,0.002810304
20685401,0.07176348,0.046952331,0.024550664,0.019601459,0.021815577,0.018559521,0.067595728,0.087913519,0.157788487,0.028718416,0.043566033,0.339346184,0.045975514,0.025853087
3769987,0.079526509,0.414138046,0.053351117,0.037512504,0.010170057,0.037679226,0.073024341,0.032177392,0.051850617,0.05135045,0.04834945,0.052684228,0.046182061,0.012004001
967741,0.190429688,0.095703125,0.025390625,0.033203125,0.004882813,0.118164063,0.149414063,0.036132813,0.061523438,0.055664063,0.008789063,0.024414063,0.025390625,0.170898438
2567958,0.142422707,0.017739483,0.071718196,0.015205271,0.021033958,0.036746072,0.157881399,0.079320831,0.193613786,0.015205271,0.039026863,0.111758743,0.04485555,0.05347187
3095993,0.100636484,0.092110004,0.057163444,0.013930587,0.025099075,0.036507746,0.306953284,0.003122373,0.185300829,0.044553861,0.029422361,0.055121893,0.036747928,0.013330131
1211416,0.09494382,0.14494382,0.01011236,0.10505618,0.021910112,0.028651685,0.019101124,0.007865169,0.08988764,0.037078652,0.003932584,0.011797753,0.341573034,0.083146067
387877,0.118243243,0.162162162,0.027027027,0.033783784,0.001689189,0.055743243,0.023648649,0.011824324,0.070945946,0.033783784,0.043918919,0.069256757,0.008445946,0.339527027
693341,0.212189616,0.097065463,0.010158014,0.018058691,0.003386005,0.064334086,0.079006772,0.01241535,0.005643341,0.005643341,0.002257336,0.125282167,0.270880361,0.093679458
4531020,0.121918961,0.033305278,0.004088013,0.006612961,0.022604304,0.003847541,0.05542864,0.110496573,0.558254178,0.009258146,0.00276542,0.056630997,0.012504509,0.002284478
358304,0.106274008,0.113956466,0.025608195,0.040973111,0.014084507,0.085787452,0.017925736,0.007682458,0.038412292,0.062740077,0.037131882,0.039692702,0.133162612,0.276568502
2702470,0.267831383,0.030453598,0.030453598,0.004648181,0.002404231,0.101779131,0.003526206,0.36544318,0.015226799,0.006571566,0.006251002,0.001602821,0.02292034,0.140887963
1628912,0.236589015,0.018166275,0.042103013,0.004701859,0.006625347,0.09702928,0.011327207,0.01453302,0.006839068,0.004701859,0.005129301,0.426800598,0.007480231,0.117973926
1415724,0.179530201,0.083892617,0.037472036,0.156040268,0.003914989,0.007270694,0.011744966,0.078299776,0.016778523,0.035234899,0.002237136,0.010626398,0.28803132,0.088926174
1074081,0.134127395,0.025375453,0.095805282,0.041429311,0.011393061,0.058518902,0.036768514,0.113930606,0.048161574,0.108751942,0.035214915,0.1879855,0.040911445,0.0616261
1106561,0.066199873,0.008274984,0.029280713,0.10821133,0.008911521,0.176320815,0.11521324,0.046467218,0.043284532,0.00700191,0.034373011,0.012094208,0.040101846,0.304264799
966439,0.099405268,0.044180119,0.018691589,0.010195412,0.005097706,0.219201359,0.094307562,0.022090059,0.022090059,0.101954121,0.058623619,0.006796941,0.02548853,0.271877655
6141440,0.542021689,0.074941905,0.014523625,0.014329977,0.003872967,0.051510457,0.037955074,0.034275755,0.015491867,0.046281952,0.087141751,0.011812548,0.026529822,0.039310612
518624,0.104591837,0.135204082,0.109693878,0.042091837,0.003826531,0.085459184,0.051020408,0.011479592,0.110969388,0.029336735,0.052295918,0.043367347,0.068877551,0.151785714
9260764,0.072356215,0.016419295,0.080148423,0.032003711,0.010296846,0.100463822,0.195361781,0.010667904,0.140352505,0.036549165,0.019202226,0.022727273,0.02309833,0.240352505
1131864,0.254474708,0.059922179,0.042412451,0.012062257,0.016731518,0.13307393,0.005058366,0.056031128,0.037743191,0.037743191,0.010116732,0.307003891,0.010505837,0.017120623
1096862,0.075902935,0.025959368,0.036963883,0.011851016,0.005925508,0.112020316,0.145316027,0.013826185,0.348194131,0.020598194,0.039221219,0.012697517,0.025677201,0.125846501
2885999,0.072485851,0.024379626,0.027644754,0.09077057,0.008489334,0.142141924,0.146713104,0.070526774,0.008924684,0.079886809,0.020243796,0.278841968,0.00914236,0.019808446
2863214,0.238212181,0.021119843,0.009332024,0.01719057,0.008349705,0.26129666,0.0456778,0.021611002,0.029960707,0.053536346,0.003438114,0.198428291,0.085952849,0.00589391
7023562,0.156209028,0.105544109,0.031185615,0.017793594,0.004776175,0.010769807,0.187675595,0.194980333,0.094961603,0.027158644,0.033807829,0.119498033,0.00749204,0.008147593
14689301,0.087123122,0.05878794,0.012150852,0.022385802,0.003378038,0.012503781,0.196581628,0.216950691,0.118735505,0.052788142,0.02213371,0.179187254,0.008772814,0.008520722
10000702,0.102107728,0.011910338,0.080361325,0.026764804,0.007694881,0.16239545,0.166677819,0.003613249,0.165807963,0.034861158,0.028169957,0.021679491,0.018534627,0.169421211
1030267,0.03283438,0.082568807,0.134717528,0.133751811,0.006277161,0.182037663,0.171897634,0.028005794,0.044905843,0.073394495,0.036214389,0.014485756,0.018348624,0.040560116
3277740,0.056345733,0.03920496,0.063822028,0.03920496,0.021881838,0.011852662,0.097738877,0.148067104,0.247811816,0.026440554,0.061451495,0.094456601,0.037563822,0.054157549
503517,0.158640227,0.015580737,0.02266289,0.232294618,0.001416431,0.077903683,0.011331445,0.045325779,0.008498584,0.025495751,0.004249292,0.093484419,0.216713881,0.086402266
705389,0.079470199,0.070198675,0.021192053,0.039735099,0.00397351,0.082119205,0.005298013,0.00794702,0.02781457,0.006622517,0.006622517,0.121854305,0.182781457,0.344370861
580891,0.071264368,0.096551724,0.232183908,0.163218391,0.025287356,0.12183908,0.117241379,0.009195402,0.006896552,0.009195402,0.002298851,0.025287356,0.062068966,0.057471264
809226,0.155829596,0.028026906,0.053811659,0.034753363,0.012331839,0.244394619,0.126681614,0.057174888,0.039237668,0.125560538,0.010089686,0.049327354,0.039237668,0.023542601
2028451,0.083127165,0.014844137,0.031172687,0.042553191,0.023255814,0.16625433,0.246412667,0.034636319,0.056902524,0.031172687,0.097971301,0.122216724,0.038099951,0.011380505
745231,0.078973346,0.270483712,0.043435341,0.017769003,0.000987167,0.122408687,0.073050346,0.02171767,0.006910168,0.006910168,0.009871668,0.019743337,0.043435341,0.284304047
718649,0.042311662,0.070175439,0.012383901,0.107327141,0.034055728,0.08255934,0.303405573,0.149638803,0.022703818,0.040247678,0.024767802,0.052631579,0.026831785,0.030959752
975107,0.111344538,0.054621849,0.06092437,0.165966387,0.010504202,0.156512605,0.008403361,0.099789916,0.028361345,0.067226891,0.010504202,0.021008403,0.193277311,0.011554622
382996,0.25250501,0.230460922,0.012024048,0.036072144,0.002004008,0.148296593,0.022044088,0.016032064,0.054108216,0.036072144,0.04008016,0.046092184,0.008016032,0.096192385
1053758,0.046501129,0.030248307,0.005869074,0.044243792,0.000902935,0.039277652,0.161173815,0.032957111,0.033860045,0.006772009,0.00496614,0.164334086,0.04785553,0.381038375
5364639,0.31457976,0.01726701,0.058204688,0.015551744,0.017953116,0.042652945,0.091366495,0.004230989,0.223899371,0.015208691,0.027101201,0.012464265,0.005831904,0.153687822
2434344,0.018529769,0.062879708,0.033718104,0.02764277,0.008201701,0.244835966,0.117861482,0.209902795,0.093863913,0.07199271,0.042831106,0.005467801,0.016707169,0.045565006
1536873,0.068916009,0.0965542,0.018664752,0.003948313,0.008614501,0.048815506,0.100143575,0.012203877,0.389088299,0.039842067,0.01758794,0.111629576,0.031227566,0.052763819
904215,0.212014134,0.042402827,0.005889282,0.027090695,0.003533569,0.029446408,0.016489988,0.10836278,0.038869258,0.00942285,0.042402827,0.03180212,0.170789164,0.261484099
10841210,0.197562113,0.038366749,0.014187704,0.127356291,0.00379671,0.051755146,0.042496503,0.001798441,0.095450609,0.016718844,0.045627123,0.030440285,0.331579298,0.002864184
1813665,0.358248396,0.142317856,0.016610042,0.154020385,0.009437524,0.073612684,0.021140053,0.016987542,0.050962627,0.027557569,0.035485089,0.070215176,0.015477539,0.00792752
2299265,0.428980527,0.030927835,0.004581901,0.016036655,0.004581901,0.017754868,0.048682703,0.189576174,0.076174112,0.008018328,0.035509737,0.017754868,0.034936999,0.086483391
673036,0.263944223,0.069721116,0.035856574,0.044820717,0.002988048,0.096613546,0.017928287,0.072709163,0.03187251,0.046812749,0.061752988,0.020916335,0.104581673,0.129482072
1391142,0.06755789,0.033182144,0.003819527,0.018858916,0.050608737,0.003819527,0.131057532,0.040343757,0.398185725,0.026497971,0.015994271,0.066841728,0.015039389,0.128192886
2532851,0.121993499,0.151245937,0.014734561,0.005200433,0.009967497,0.011700975,0.210184182,0.041603467,0.082340195,0.092307692,0.016251354,0.201083424,0.029469122,0.01191766
882034,0.175243394,0.161335188,0.034770515,0.084840056,0.006954103,0.122392211,0.022253129,0.02364395,0.033379694,0.009735744,0.019471488,0.045897079,0.041724618,0.218358832
2121177,0.072370646,0.020290835,0.015894488,0.021305377,0.039567129,0.205275617,0.155563071,0.009130876,0.059181603,0.063577951,0.007101792,0.249239094,0.044639838,0.036861684
1090180,0.159962582,0.047708138,0.056594949,0.065481759,0.018709074,0.014031805,0.117399439,0.078110384,0.134705332,0.060336763,0.010757717,0.160430309,0.050046773,0.025724977
684519,0.102396514,0.418300654,0.218954248,0.02832244,0.005446623,0.009803922,0.078431373,0.011982571,0.010893246,0.005446623,0.002178649,0.021786492,0.01416122,0.071895425
1409327,0.073932441,0.01848311,0.020395156,0.226258764,0.001912046,0.023581899,0.010197578,0.042702358,0.022944551,0.007010835,0.006373486,0.158699809,0.260038241,0.127469726
3051507,0.29853208,0.023420749,0.069272637,0.002968827,0.003628567,0.009566221,0.086590797,0.003463632,0.331683985,0.005607785,0.013359723,0.139534884,0.008741547,0.003628567
978825,0.121438263,0.126187246,0.102442334,0.045454545,0.025101764,0.141112619,0.151967436,0.009497965,0.099050204,0.026458616,0.024423338,0.004748982,0.021031208,0.101085482
442553,0.1558669,0.164623468,0.084063047,0.054290718,0.00525394,0.038528897,0.007005254,0.092819615,0.04028021,0.007005254,0.010507881,0.021015762,0.171628722,0.147110333
691814,0.16828479,0.011866235,0.059331176,0.028047465,0.010787487,0.185544768,0.009708738,0.012944984,0.113268608,0.045307443,0.009708738,0.022653722,0.1197411,0.202804746
2441805,0.05520111,0.086823856,0.044105409,0.114008322,0.039112344,0.025797503,0.020249653,0.159500693,0.014701803,0.005825243,0.008321775,0.009708738,0.349514563,0.067128988
849859,0.031302876,0.086294416,0.019458545,0.038071066,0.009306261,0.311336717,0.072758037,0.039763113,0.027072758,0.009306261,0.005922166,0.13536379,0.038071066,0.175972927
1335732,0.034344591,0.096164854,0.042358329,0.025186033,0.002862049,0.009730967,0.202060675,0.131081855,0.045220378,0.026330853,0.101888952,0.230681168,0.011448197,0.040641099
1262674,0.269117026,0.053231939,0.010561893,0.011406844,0.001267427,0.08365019,0.006337136,0.125052809,0.072243346,0.010139417,0.005492184,0.010139417,0.098859316,0.242501056
1663001,0.138941399,0.011342155,0.0910523,0.02205419,0.019848771,0.121928166,0.297416509,0.011027095,0.08979206,0.033711405,0.008506616,0.13610586,0.009451796,0.008821676
5570544,0.149409973,0.018081462,0.084507042,0.017320137,0.00647126,0.189760183,0.197944423,0.008755234,0.154358584,0.030072326,0.019033118,0.108679102,0.011229539,0.004377617
1520908,0.05293501,0.160377358,0.055555556,0.028301887,0.015199161,0.188679245,0.096436059,0.017819706,0.034591195,0.028301887,0.024633124,0.156184486,0.020440252,0.120545073
2138907,0.03996004,0.061438561,0.054445554,0.159340659,0.000999001,0.183316683,0.050949051,0.141858142,0.017482517,0.046453546,0.015984016,0.030969031,0.11038961,0.086413586
680134,0.178994083,0.022189349,0.072485207,0.029585799,0.025147929,0.171597633,0.100591716,0.020710059,0.050295858,0.093195266,0.025147929,0.050295858,0.028106509,0.131656805
690928,0.019650655,0.025473071,0.064774381,0.016739447,0.010917031,0.128093159,0.225618632,0.005094614,0.096797671,0.015283843,0.131732169,0.013828239,0.013828239,0.23216885
1762302,0.015492254,0.233883058,0.07946027,0.089955022,0.016491754,0.270864568,0.068965517,0.034982509,0.061469265,0.006996502,0.011494253,0.025987006,0.033983008,0.049975012
1392010,0.059844405,0.058049072,0.046678636,0.187312986,0.008976661,0.094554159,0.018551765,0.035308199,0.043087971,0.104129264,0.008378217,0.007181329,0.309994016,0.017953321
660909,0.124100719,0.043165468,0.075539568,0.107913669,0.003597122,0.106115108,0.095323741,0.079136691,0.026978417,0.032374101,0.012589928,0.019784173,0.10971223,0.163669065
867495,0.094827586,0.104525862,0.034482759,0.087284483,0.009698276,0.024784483,0.09375,0.081896552,0.048491379,0.068965517,0.030172414,0.174568966,0.107758621,0.038793103
395769,0.319480519,0.057142857,0.051948052,0.044155844,0.007792208,0.057142857,0.098701299,0.080519481,0.028571429,0.018181818,0.033766234,0.012987013,0.184415584,0.005194805
761930,0.1378579,0.034994698,0.012725345,0.032873807,0.001060445,0.292682927,0.014846235,0.057264051,0.009544008,0.059384942,0.020148462,0.103923648,0.011664899,0.211028632
1149090,0.183757178,0.207957342,0.149302707,0.011074651,0.00369155,0.148482363,0.164889253,0.004101723,0.066447908,0.008203445,0.01804758,0.006562756,0.008613618,0.018867925
762264,0.058602554,0.049586777,0.129977461,0.205108941,0.014274981,0.081141998,0.089406461,0.015026296,0.081141998,0.035311796,0.049586777,0.011269722,0.066115702,0.113448535
1920434,0.021505376,0.07003778,0.009590235,0.112467306,0.004068585,0.204591688,0.005231037,0.09822726,0.068003487,0.011043301,0.007846556,0.003196745,0.130194711,0.253995931
560904,0.031531532,0.081081081,0.034534535,0.018018018,0,0.244744745,0.012012012,0.034534535,0.015015015,0.004504505,0.004504505,0.111111111,0.298798799,0.10960961
606311,0.138888889,0.130116959,0.081871345,0.116959064,0,0.030701754,0.062865497,0.010233918,0.130116959,0.083333333,0.023391813,0.09502924,0.07748538,0.019005848
2197377,0.094757011,0.047378505,0.012192998,0.020728096,0.004006271,0.096847239,0.233757185,0.010625327,0.002612785,0.018463682,0.00644487,0.33722348,0.009754398,0.105208152
1697185,0.290114943,0.032413793,0.017241379,0.016321839,0.020229885,0.14045977,0.137931034,0.004137931,0.202758621,0.033333333,0.014252874,0.005747126,0.024827586,0.060229885
1115081,0.052605943,0.054067219,0.077447638,0.00243546,0.001461276,0.352654652,0.007793473,0.032635168,0.007793473,0.003896736,0.010228933,0.113979542,0.241597662,0.041402825
591379,0.075125209,0.432387312,0.140233723,0.01836394,0.010016694,0.116861436,0.026711185,0.046744574,0.026711185,0.016694491,0.013355593,0.008347245,0.026711185,0.041736227
398713,0.491990847,0.04805492,0.04576659,0.102974828,0,0.038901602,0.020594966,0.016018307,0.011441648,0.00228833,0.004576659,0.132723112,0.011441648,0.073226545
2676717,0.06830942,0.061447286,0.031503431,0.058951965,0.203680599,0.063630692,0.082345602,0.056768559,0.090143481,0.027760449,0.014036182,0.008421709,0.020898316,0.212102308
4165572,0.014631806,0.184096906,0.047613337,0.037419045,0.003478052,0.057927561,0.247181578,0.154833293,0.190333413,0.026145359,0.013672343,0.005876709,0.003957784,0.012832814
1426390,0.02270663,0.125643355,0.0417802,0.010293672,0.007568877,0.077808053,0.210414774,0.008174387,0.27459885,0.0626703,0.011807448,0.08658795,0.045110506,0.014834998
754700,0.077715356,0.013108614,0.121722846,0.061797753,0.014981273,0.016853933,0.25,0.087078652,0.063670412,0.061797753,0.014981273,0.155430712,0.038389513,0.02247191
643078,0.18385214,0.164396887,0.218871595,0.120622568,0.003891051,0.004863813,0.007782101,0.010700389,0.010700389,0.016536965,0.007782101,0.129377432,0.006809339,0.11381323
513672,0.020933977,0.637681159,0.027375201,0.098228663,0,0.038647343,0.056360709,0.004830918,0.011272142,0.003220612,0.003220612,0.07568438,0.014492754,0.00805153
428351,0.419106317,0.009244992,0.018489985,0.030816641,0.004622496,0.018489985,0.047765794,0.073959938,0.035439137,0.023112481,0.001540832,0.036979969,0.020030817,0.260400616
616385,0.220253165,0.052658228,0.044050633,0.112911392,0.013670886,0.161518987,0.056708861,0.018227848,0.033417722,0.033417722,0.049620253,0.00556962,0.16,0.037974684
4374792,0.21712292,0.036164788,0.026771337,0.005770263,0.011540526,0.012882448,0.074677939,0.06266774,0.166062802,0.036969941,0.027241009,0.196926999,0.080716586,0.044484702
609087,0.512382579,0.080273271,0.032450897,0.047822374,0.000853971,0.014517506,0.009393681,0.016225448,0.099060632,0.033304868,0.060631939,0.015371477,0.046114432,0.031596926
443180,0.111324376,0.429942418,0.015355086,0.051823417,0,0.076775432,0.082533589,0.026871401,0.02303263,0.001919386,0.007677543,0.105566219,0.017274472,0.049904031
904520,0.041931385,0.010165184,0.049555273,0.424396442,0.01905972,0.013977128,0.024142313,0.021601017,0.06480305,0.108005083,0.015247776,0.010165184,0.069885642,0.127064803
717002,0.452173913,0.036024845,0.027329193,0.126708075,0.001242236,0.067080745,0.099378882,0.028571429,0.007453416,0.014906832,0.014906832,0.01242236,0.028571429,0.083229814
1451846,0.109662577,0.041411043,0.038343558,0.07208589,0.016871166,0.231595092,0.134969325,0.014570552,0.125,0.01303681,0.029907975,0.074386503,0.039110429,0.05904908
577502,0.317185698,0.101499423,0.070357555,0.029988466,0.018454441,0.038062284,0.059976932,0.036908881,0.116493656,0.026528258,0.033448674,0.041522491,0.065743945,0.043829296
1683456,0.171848309,0.076187222,0.008882815,0.032627263,0.014861633,0.004953878,0.117184831,0.058421592,0.286641613,0.03296891,0.021182098,0.136829518,0.018107277,0.019303041
779873,0.075872534,0.1107739,0.065250379,0.037936267,0.019726859,0.218512898,0.04400607,0.075872534,0.015174507,0.016691958,0.010622155,0.127465857,0.010622155,0.171471927
940913,0.152591171,0.028790787,0.250479846,0.02303263,0.009596929,0.050863724,0.055662188,0.014395393,0.110364683,0.047024952,0.042226488,0.023992322,0.009596929,0.181381958
1371482,0.022296885,0.11453879,0.078191814,0.011912034,0.013133781,0.168906536,0.193952352,0.006719609,0.081857056,0.046120953,0.00855223,0.229077581,0.013439218,0.011301161
870412,0.212903226,0.100645161,0.014193548,0.009677419,0.001935484,0.223870968,0.003225806,0.032258065,0.018064516,0.02,0.009032258,0.014193548,0.247096774,0.092903226
4772595,0.030465172,0.083682815,0.003663533,0.003374307,0.001012292,0.001928175,0.031188238,0.078235719,0.709954206,0.004579417,0.005736322,0.041311159,0.002892263,0.00197638
805111,0.128508124,0.053175775,0.02437223,0.00295421,0.019940916,0.014032496,0.17282127,0.042097489,0.152880355,0.036189069,0.028803545,0.279172821,0.031019202,0.014032496
1044185,0.094017094,0.096866097,0.030626781,0.014957265,0.002136752,0.258547009,0.055555556,0.027777778,0.02991453,0.001424501,0.001424501,0.125356125,0.014245014,0.247150997
1479503,0.078999019,0.230618253,0.16781158,0.004906771,0.003925417,0.022080471,0.086849853,0.147693817,0.081943081,0.046123651,0.023552502,0.061334642,0.037782139,0.006378803
1493606,0.12136815,0.155939684,0.02096359,0.017285767,0.009562339,0.026112541,0.06803972,0.076866495,0.062890769,0.033100405,0.014343509,0.348289812,0.026848106,0.018389114
404402,0.202020202,0.215488215,0.04040404,0.097643098,0,0.01010101,0.037037037,0.087542088,0.063973064,0.013468013,0.03030303,0.037037037,0.124579125,0.04040404
1136037,0.031473534,0.137339056,0.104792561,0.069384835,0.006080114,0.053290415,0.171316166,0.011087268,0.191344778,0.057224607,0.03111588,0.114091559,0.005722461,0.015736767
384641,0.452830189,0.012578616,0.006289308,0.050314465,0,0.113207547,0.100628931,0.020964361,0.119496855,0.016771488,0.016771488,0.039832285,0.020964361,0.029350105
308879,0.083129584,0.031784841,0.02200489,0.107579462,0.007334963,0.039119804,0.149144254,0.19804401,0.009779951,0.105134474,0.034229829,0.13202934,0.039119804,0.041564792
3243784,0.0170539,0.057107095,0.079871705,0.022217007,0.005788938,0.120785418,0.122741141,0.002268638,0.401861848,0.064773527,0.001642807,0.098959556,0.00281624,0.00211218
1801117,0.168460459,0.014506317,0.014974263,0.055451568,0.012634534,0.007487131,0.00491343,0.102246139,0.352597099,0.047964436,0.011230697,0.159803463,0.040243332,0.007487131
1596067,0.017458232,0.061385395,0.033977849,0.012577436,0.143232589,0.160315375,0.091608785,0.320443026,0.041674488,0.026844378,0.011638821,0.027407546,0.031349728,0.020086353
1427723,0.1132287,0.005605381,0.031016442,0.011210762,0.005979073,0.149476831,0.206651719,0.004857997,0.087817638,0.173019432,0.017563528,0.008594918,0.009715994,0.175261584
1049727,0.141948614,0.031798525,0.091579751,0.01271941,0.007122869,0.10582549,0.163317222,0.007886034,0.294327143,0.034342407,0.012210633,0.024166879,0.013736963,0.059018062
854967,0.082601054,0.029876977,0.013181019,0.043936731,0.015817223,0.033391916,0.035149385,0.090509666,0.072934974,0.126537786,0.035149385,0.339191564,0.006151142,0.075571178
1107307,0.161149602,0.06107262,0.017962535,0.023351296,0.004618938,0.11778291,0.152938158,0.01308699,0.329740826,0.023094688,0.024377726,0.009494483,0.005388761,0.055940467
3387765,0.179637097,0.495967742,0.008669355,0.034072581,0.013104839,0.086895161,0.018548387,0.016330645,0.020766129,0.015322581,0.047983871,0.015725806,0.030443548,0.016532258
1788182,0.198530797,0.084573366,0.028065549,0.047466566,0.005839141,0.009794688,0.074778678,0.005274063,0.333772839,0.002637031,0.020907892,0.171783763,0.01224336,0.004332266
558993,0.051332675,0.094768016,0.434353406,0.03751234,0.010858835,0.043435341,0.009871668,0.013820336,0.073050346,0.007897335,0.051332675,0.026653504,0.103652517,0.041461007
648234,0.19652723,0.20047356,0.01183899,0.01183899,0.00789266,0.063141279,0.023677979,0.027624309,0.130228887,0.022888713,0.041831097,0.013417522,0.022888713,0.225730071
524049,0.05249614,0.013381369,0.099330932,0.007205353,0.005661348,0.016469377,0.014410705,0.642820381,0.019557385,0.011322697,0.008234689,0.020072054,0.072568194,0.016469377
1543596,0.093428345,0.122723674,0.137767221,0.014251781,0.005542359,0.085510689,0.004750594,0.005146477,0.020190024,0.053840063,0.009105305,0.005542359,0.027711797,0.414489311
335086,0.311518325,0.256544503,0.081151832,0.086387435,0.002617801,0.028795812,0.041884817,0.007853403,0.013089005,0.015706806,0.002617801,0.089005236,0.020942408,0.041884817
1216429,0.160240361,0.085628443,0.405608413,0.073109664,0.000500751,0.022533801,0.027040561,0.091637456,0.032548823,0.025037556,0.002503756,0.001502253,0.05758638,0.014521783
561703,0.203125,0.202205882,0.122242647,0.128676471,0.012867647,0.09375,0.011948529,0.025735294,0.038602941,0.011948529,0.014705882,0.035845588,0.076286765,0.022058824
836269,0.34304746,0.074104913,0.104912573,0.139050791,0.005828476,0.005828476,0.072439634,0.116569525,0.026644463,0.036636137,0.004995837,0.01582015,0.01498751,0.039134055
531957,0.088888889,0.443209877,0.255555556,0.051851852,0.003703704,0.012345679,0.00617284,0.00617284,0.022222222,0.039506173,0.014814815,0.020987654,0.018518519,0.016049383
416603,0.00877193,0.118421053,0.460526316,0.00877193,0,0.037280702,0.052631579,0.076754386,0.028508772,0.021929825,0.004385965,0.015350877,0.010964912,0.155701754
727247,0.08161435,0.369506726,0.067264574,0.122869955,0.006278027,0.037668161,0.046636771,0.074439462,0.057399103,0.017040359,0.022421525,0.035874439,0.033183857,0.027802691
1575699,0.157314629,0.179525718,0.051770207,0.11489646,0.004175017,0.004175017,0.058116232,0.004342017,0.347361389,0.014529058,0.010855043,0.004008016,0.004676019,0.044255177
1013063,0.013150205,0.100233781,0.151373466,0.05698422,0.011689071,0.16277031,0.00905903,0.014903565,0.030391584,0.060198714,0.011981297,0.024254822,0.281998831,0.071011105
722877,0.103716508,0.108470182,0.174157303,0.02247191,0.003025065,0.049697494,0.006482282,0.44079516,0.028954192,0.01642178,0.003457217,0.003889369,0.027657736,0.010803803
3982352,0.216131335,0.18401142,0.093647395,0.009564597,0.002997859,0.010563883,0.030549607,0.005281941,0.312062812,0.014275517,0.004282655,0.010992148,0.090078515,0.015560314
1914263,0.069618114,0.323082122,0.030753633,0.059141602,0.008110848,0.050016898,0.118959108,0.004393376,0.065224738,0.050692802,0.009800608,0.015545792,0.160865157,0.033795201
2063367,0.241145164,0.044411819,0.090108277,0.134153056,0.02000367,0.02128831,0.008808956,0.007707836,0.319141127,0.029546706,0.017250872,0.007157277,0.032299504,0.026977427
507997,0.063716814,0.299115044,0.128318584,0.022123894,0.002654867,0.175221239,0.015929204,0.026548673,0.061061947,0.045132743,0.020353982,0.053097345,0.02920354,0.057522124
913666,0.262208866,0.327573253,0.042073629,0.01878287,0.000751315,0.023290759,0.018031555,0.015777611,0.01728024,0.048084147,0.034560481,0.024793388,0.041322314,0.125469572
1215947,0.2409142,0.068565006,0.100786812,0.150992881,0.008242788,0.06931435,0.054327463,0.062944923,0.018733608,0.058074185,0.016860247,0.071187711,0.068939678,0.010116148
1712075,0.127083333,0.239583333,0.031770833,0.185416667,0.082291667,0.036458333,0.079166667,0.041145833,0.050520833,0.009895833,0.0359375,0.007291667,0.063020833,0.010416667
736290,0.155555556,0.123333333,0.123333333,0.164444444,0.003333333,0.02,0.034444444,0.014444444,0.014444444,0.034444444,0.037777778,0.013333333,0.077777778,0.183333333
2627709,0.168300809,0.110994764,0.116515945,0.006949072,0.002284626,0.00447406,0.00618753,0.473203237,0.007425036,0.010280819,0.002379819,0.001427891,0.083769634,0.005806759
1720579,0.080031283,0.107924922,0.052137643,0.146506778,0.003388947,0.010688217,0.01903024,0.002346194,0.300573514,0.13894682,0.028675704,0.017466111,0.059697602,0.032586027
1609555,0.176442308,0.072115385,0.336538462,0.121153846,0.005769231,0.026442308,0.015865385,0.022115385,0.034615385,0.021153846,0.026442308,0.003365385,0.110576923,0.027403846
1212346,0.172136223,0.107120743,0.277399381,0.020433437,0.006811146,0.026006192,0.016718266,0.019195046,0.065634675,0.037151703,0.012383901,0.015479876,0.039628483,0.183900929
672254,0.130081301,0.112195122,0.054471545,0.213821138,0.054471545,0.022764228,0.020325203,0.039837398,0.012195122,0.005691057,0.022764228,0.095934959,0.098373984,0.117073171
694378,0.249040044,0.060888645,0.136588042,0.070213933,0.015907844,0.091058694,0.014262205,0.010422381,0.084476138,0.011519473,0.026878771,0.008776742,0.11574328,0.104223807
3930186,0.318750518,0.199022289,0.055762698,0.120805369,0.008865689,0.002071423,0.006379982,0.004308559,0.147071008,0.035048471,0.001242854,0.002568564,0.017814235,0.080288342
562457,0.246119734,0.196230599,0.086474501,0.029933481,0.001108647,0.032150776,0.05210643,0.034368071,0.034368071,0.080931264,0.003325942,0.00886918,0.042128603,0.151884701
1522858,0.315449688,0.286286732,0.103739982,0.100845948,0.006233304,0.021148709,0.012021371,0.003561888,0.026936776,0.009795191,0.028495102,0.008682102,0.008236866,0.06856634
7271730,0.025459836,0.392185389,0.041567079,0.168450587,0.002909696,0.089680973,0.011015276,0.011327029,0.064221137,0.01444456,0.027849943,0.020160033,0.009144757,0.121583706
1895259,0.065826331,0.16713352,0.053532524,0.091658886,0.024431995,0.005446623,0.01416122,0.011826953,0.336601307,0.00638033,0.013849984,0.011826953,0.157796452,0.039526922
410563,0.143737166,0.200205339,0.267967146,0.066735113,0.009240246,0.065708419,0.009240246,0.015400411,0.100616016,0.041067762,0.009240246,0.023613963,0.012320329,0.034907598
876658,0.200117716,0.077104179,0.048852266,0.088287228,0.012654503,0.016774573,0.008828723,0.004120071,0.397881107,0.017951736,0.022660388,0.012654503,0.0541495,0.037963508
898974,0.194768469,0.099681866,0.025097207,0.028632025,0.013078826,0.027925062,0.040650407,0.0038883,0.35630965,0.022269353,0.024390244,0.010604454,0.086956522,0.065747614
418234,0.234960272,0.064699205,0.194097616,0.118047673,0.002270148,0.106696935,0.015891033,0.054483541,0.031782066,0.049943246,0.010215664,0.031782066,0.063564132,0.021566402
707524,0.187651332,0.310532688,0.158595642,0.138014528,0.008474576,0.002421308,0.007869249,0.005447942,0.070217918,0.015738499,0.012711864,0.004237288,0.047215496,0.030871671
1527858,0.269176136,0.097537879,0.155539773,0.008996212,0.003551136,0.075047348,0.017282197,0.009232955,0.225852273,0.024147727,0.012073864,0.010653409,0.004498106,0.086410985
1783740,0.077094972,0.053631285,0.238826816,0.093296089,0.018715084,0.048882682,0.060335196,0.02877095,0.03603352,0.018994413,0.024581006,0.046089385,0.198603352,0.056145251
1181696,0.114906832,0.144409938,0.1875,0.022127329,0.005046584,0.046583851,0.115295031,0.016304348,0.019409938,0.044642857,0.044254658,0.020574534,0.021350932,0.197593168
832668,0.147868561,0.098134991,0.275310835,0.112788632,0.054618117,0.019982238,0.027975133,0.01687389,0.16651865,0.020426288,0.007548845,0.017761989,0.029751332,0.004440497
8360707,0.209261662,0.109650855,0.019177619,0.046082689,0.008517119,0.009476,0.004738,0.010265666,0.405888657,0.017711095,0.007219809,0.006430143,0.024197642,0.121383045
1604402,0.196340069,0.022493328,0.088829584,0.093785742,0.004574914,0.025543271,0.014868471,0.018299657,0.097216927,0.053373999,0.011437286,0.014487228,0.316431567,0.042317957
533761,0.013278856,0.045965271,0.294177732,0.337078652,0.018386108,0.025536261,0.011235955,0.054136874,0.076608784,0.012257406,0.005107252,0.013278856,0.009193054,0.083758938
4364865,0.148835203,0.138050043,0.174000575,0.085993673,0.005320679,0.034224907,0.010066149,0.011216566,0.203336209,0.054357204,0.011791775,0.00877193,0.060684498,0.05335059
3741423,0.32,0.118095238,0.1538322,0.007437642,0.012698413,0.026485261,0.0830839,0.040544218,0.038639456,0.005714286,0.08154195,0.005260771,0.104126984,0.002539683
933311,0.629661752,0.049436253,0.036426713,0.032090199,0.019080659,0.017346054,0.014744146,0.007805724,0.062012142,0.040763226,0.016912402,0.014744146,0.006938422,0.052038161
928270,0.357605178,0.351132686,0.048543689,0.006472492,0.001618123,0.024676375,0.016585761,0.016990291,0.029935275,0.046116505,0.004045307,0.007686084,0.062297735,0.026294498
3519656,0.253012048,0.24330656,0.075803213,0.025100402,0.014056225,0.014056225,0.029618474,0.023427041,0.030957162,0.042168675,0.013386881,0.015394913,0.151773762,0.06793842
13926113,0.277498251,0.281496785,0.173303122,0.129119323,0.002632368,0.007863783,0.018093366,0.010729399,0.007197361,0.002665689,0.004198461,0.003165506,0.027156709,0.054879877
585052,0.056241427,0.189300412,0.113854595,0.037037037,0.009602195,0.016460905,0.058984911,0.080932785,0.112482853,0.039780521,0.012345679,0.027434842,0.093278464,0.152263374
959382,0.154101996,0.099778271,0.075388027,0.140798226,0.013303769,0.015521064,0.178492239,0.025498891,0.049889135,0.039911308,0.054323725,0.033259424,0.110864745,0.00886918
403089,0.048013245,0.221854305,0.397350993,0.117549669,0,0.049668874,0.043046358,0.009933775,0,0,0,0.004966887,0.102649007,0.004966887
611092,0.088850174,0.162601626,0.389082462,0.006387921,0.005807201,0.091753775,0.010452962,0.036585366,0.012775842,0.011033682,0.024390244,0.070847851,0.026713124,0.06271777
1854024,0.144191344,0.390888383,0.158542141,0.053758542,0.003189066,0.02095672,0.036446469,0.016856492,0.038041002,0.009567198,0.006833713,0.022095672,0.048291572,0.050341686
594523,0.419735928,0.043085476,0.16400278,0.115357887,0.011118833,0.031966644,0.012508687,0.016678249,0.024322446,0.015983322,0.016678249,0.06323836,0.052814454,0.012508687
670863,0.091190108,0.197836167,0.102009274,0.041731066,0.013910355,0.091190108,0.100463679,0.032457496,0.020092736,0.040185471,0.023183926,0.075734158,0.089644513,0.080370943
324266,0.14972067,0.121787709,0.298324022,0.049162011,0.011173184,0.05027933,0.068156425,0.012290503,0.012290503,0.020111732,0.022346369,0.025698324,0.041340782,0.117318436
434005,0.143117593,0.080218778,0.147675479,0.069279854,0.005469462,0.038286235,0.036463081,0.025524157,0.123974476,0.103919781,0.006381039,0.051959891,0.055606199,0.112123974
596961,0.119537275,0.281491003,0.054627249,0.079048843,0.002570694,0.01092545,0.015424165,0.089974293,0.052699229,0.005784062,0.025064267,0.034061697,0.121465296,0.107326478
700273,0.08880666,0.114708603,0.085106383,0.19426457,0.010175763,0.040703053,0.094357077,0.024976873,0.042553191,0.01480111,0.012025902,0.065679926,0.100832562,0.111008326
1359400,0.040266223,0.117470882,0.211314476,0.178702163,0.005657238,0.017304493,0.023294509,0.007321131,0.01530782,0.044259567,0.016638935,0.022296173,0.110482529,0.18968386
931001,0.228158391,0.153362665,0.058453803,0.020113136,0.006285355,0.193588938,0.045883092,0.114393463,0.018856065,0.018856065,0.028284098,0.020741672,0.064110622,0.028912634
1687185,0.060055866,0.310521415,0.246275605,0.027001862,0.002793296,0.124301676,0.015828678,0.010242086,0.009310987,0.005121043,0.004189944,0.0358473,0.066108007,0.082402235
785872,0.084946237,0.221505376,0.038709677,0.210752688,0.015053763,0.022580645,0.020430108,0.005376344,0.025806452,0.053763441,0.007526882,0.067741935,0.217204301,0.008602151
545664,0.058965102,0.090252708,0.140794224,0.225030084,0,0.014440433,0.012033694,0.019253911,0.087845969,0.039711191,0.034897714,0.024067389,0.21299639,0.039711191
487972,0.033797217,0.430417495,0.079522863,0.048707753,0.03777336,0.030815109,0.066600398,0.011928429,0.023856859,0.016898608,0.013916501,0.00695825,0.040755467,0.15805169
807628,0.139196676,0.566828255,0.020429363,0.092451524,0.002077562,0.019736842,0.043628809,0.004847645,0.01800554,0.019390582,0.003116343,0.024930748,0.040166205,0.005193906
200726,0.351923077,0.207692308,0.063461538,0.071153846,0,0.015384615,0.019230769,0.023076923,0.001923077,0.007692308,0,0.086538462,0.082692308,0.069230769
412154,0.081409478,0.097205346,0.080194411,0.232077764,0.002430134,0.021871203,0.030376671,0.085054678,0.015795869,0.010935601,0.002430134,0.187120292,0.108140948,0.044957473
1034064,0.095990966,0.063241107,0.186335404,0.201581028,0.003387916,0.014680971,0.019762846,0.007905138,0.040654997,0.012987013,0.02258611,0.040090344,0.172783738,0.118012422
777609,0.176165803,0.170984456,0.129533679,0.096225019,0.014803849,0.022205774,0.068837898,0.012583272,0.03330866,0.046632124,0.022205774,0.086602517,0.086602517,0.03330866
1004893,0.271240527,0.160351017,0.232548863,0.095333067,0.005584364,0.028320702,0.013163143,0.013163143,0.011966494,0.003589948,0.005584364,0.013562026,0.116473873,0.029118468
974087,0.101449275,0.031620553,0.025032938,0.233201581,0.009222661,0.17259552,0.133069829,0.039525692,0.018445323,0.005270092,0.015810277,0.034255599,0.067193676,0.113306983
21190883,0.204443501,0.239411307,0.148078964,0.133545602,0.005632208,0.076841435,0.005037855,0.024113776,0.017377768,0.007783202,0.009000212,0.004089719,0.110974315,0.013670134
620806,0.219653179,0.054913295,0.092485549,0.089595376,0.031791908,0.046242775,0.028901734,0.026011561,0.028901734,0.026011561,0.101156069,0.020231214,0.115606936,0.11849711
1357888,0.121147146,0.374698472,0.128651836,0.080675422,0.002144197,0.006432592,0.057625302,0.03564728,0.00750469,0.002144197,0.002948271,0.064593943,0.059769499,0.056017154
1277619,0.15,0.024431818,0.096590909,0.068181818,0.007386364,0.090340909,0.034943182,0.010511364,0.025852273,0.014204545,0.004261364,0.027556818,0.130113636,0.315625
473165,0.36565097,0.015697138,0.09787627,0.131117267,0,0.104339797,0.060018467,0.013850416,0.049861496,0.006463527,0.002770083,0.002770083,0.064635272,0.084949215
763815,0.194949495,0.182828283,0.123232323,0.12020202,0.019191919,0.022222222,0.058585859,0.011111111,0.061616162,0.016161616,0.025252525,0.03030303,0.096969697,0.037373737
1485761,0.034205231,0.006036217,0.183098592,0.273239437,0.004024145,0.101006036,0.089738431,0.01971831,0.01971831,0.01167002,0.012072435,0.050704225,0.038631791,0.156136821
2283491,0.026135657,0.024683676,0.04044804,0.13378967,0.01348268,0.017838623,0.036714375,0.057664385,0.075088156,0.047293093,0.019083178,0.160340178,0.089607965,0.257830326
294936,0.055674518,0.1124197,0.55888651,0.076017131,0,0.014989293,0.021413276,0.014989293,0.003211991,0.005353319,0.001070664,0.006423983,0.120985011,0.00856531
1224127,0.158435208,0.256234719,0.096332518,0.150122249,0.000488998,0.013691932,0.039608802,0.053789731,0.017114914,0.031784841,0.004889976,0.003422983,0.036185819,0.137897311
311741,0.204244032,0.328912467,0.084880637,0.026525199,0,0.026525199,0.018567639,0.015915119,0.013262599,0.021220159,0.021220159,0.116710875,0.108753316,0.013262599
480377,0.136082474,0.175257732,0.045360825,0.017525773,0.001030928,0.024742268,0.054639175,0.043298969,0.11443299,0.072164948,0.008247423,0.230927835,0.060824742,0.015463918
8655723,0.250938086,0.071529081,0.181754221,0.167917448,0.033067542,0.05956848,0.016181989,0.011257036,0.049015009,0.020168856,0.009615385,0.011022514,0.071294559,0.046669794
1751426,0.169233237,0.188482515,0.085659288,0.009303818,0.011870388,0.021976259,0.104748155,0.013955727,0.033686237,0.046198268,0.019249278,0.010907924,0.054539621,0.230189285
5483940,0.083078742,0.165960382,0.131861634,0.320193161,0.001478269,0.013008771,0.008771065,0.007884104,0.00078841,0.001379718,0.000886962,0.015669656,0.015669656,0.233369469
497153,0.144702842,0.206718346,0.175710594,0.074935401,0.000861326,0.093884582,0.122308355,0.013781223,0.017226529,0.013781223,0.02670112,0.031869078,0.032730405,0.044788975
753974,0.158509455,0.308676307,0.149054505,0.14349277,0.003893215,0.051724138,0.019466073,0.038375973,0.015016685,0.022246941,0.001668521,0.05839822,0.016129032,0.013348165
371754,0.176217765,0.253581662,0.080229226,0.150429799,0,0.028653295,0.020057307,0.005730659,0.014326648,0.001432665,0,0.032951289,0.160458453,0.075931232
2477746,0.105691057,0.039888211,0.142276423,0.191056911,0.014989837,0.112804878,0.075711382,0.069359756,0.026930894,0.043699187,0.010924797,0.051829268,0.077235772,0.037601626
4119616,0.256988843,0.007270904,0.319794409,0.09439639,0.003384731,0.093644227,0.043750784,0.009903472,0.014541808,0.011031716,0.005139777,0.012034599,0.055158581,0.072959759
3074172,0.030566106,0.230783143,0.042864894,0.151564478,0.005245071,0.016820402,0.081027311,0.008500633,0.043226623,0.081208175,0.002893833,0.003798155,0.295351782,0.006149394
362609,0.118518519,0.109259259,0.064814815,0.059259259,0,0.15,0.035185185,0.057407407,0.042592593,0.038888889,0.005555556,0.024074074,0.264814815,0.02962963
315244,0.067773167,0.051175657,0.026279391,0.011065007,0.002766252,0.049792531,0.128630705,0.091286307,0.012448133,0.031811895,0.013831259,0.107883817,0.125864454,0.279391425
4060628,0.23783583,0.02240931,0.183112542,0.135322521,0.00222855,0.010771326,0.020675994,0.007428501,0.006685651,0.003095209,0.006314226,0.07552309,0.154389006,0.134208246
442623,0.182010582,0.266666667,0.138624339,0.149206349,0.006349206,0.008465608,0.00952381,0.02010582,0.031746032,0.019047619,0.02962963,0.06984127,0.045502646,0.023280423
944836,0.119677275,0.052442851,0.095921112,0.218735993,0.002689377,0.164500224,0.203047961,0.011653967,0.015688032,0.016136262,0.009861049,0.035858359,0.014343344,0.039444195
2398373,0.101662708,0.292319873,0.049406176,0.154711006,0.000950119,0.107046714,0.00253365,0.019319082,0.006492478,0.002058591,0.002216944,0.012984956,0.101821061,0.146476643
1888717,0.057020057,0.349283668,0.104011461,0.162464183,0.004584527,0.028653295,0.047851003,0.013180516,0.055587393,0.007449857,0.006876791,0.026934097,0.097421203,0.038681948
3830672,0.183799819,0.285953824,0.014188056,0.246872179,0.013156198,0.03933961,0.023603766,0.027086289,0.011866374,0.009028763,0.004772346,0.025022572,0.050174126,0.065136076
